import numpy as np

cameraMatrixL = np.array([[1132.414772, 0, 647.035286],
                         [0, 1131.206971, 543.952718],
                         [0, 0, 1]])

distCoeffL = np.array([-0.058892, 0.276848, -0.001448, 0.003999, -0.397093])

cameraMatrixR = np.array([[1096.699678, 0, 670.053138],
                          [0, 1094.688681, 543.586244],
                          [0, 0, 1]])

distCoeffR = np.array([-0.062931, 0.186591, -0.001278, 0.004807, -0.162722])

R = np.array([[0.9999389192745282, -4.815148917067794e-05, -0.01105239347484101],
              [-2.368466136750274e-05, 0.9999788785370122, -0.006499378346916437],
              [0.01105247298686739, 0.006499243132368644, 0.9999177979612028]])

T = np.array([[-72.05417302214524],
              [-0.856813805786321],
              [-7.09342407540114]])

Rl = np.array([[0.9961411788371071, 0.01242174282903991, 0.08688182853800883],
              [-0.01214226573774156, 0.9999192687884372, -0.003744501081741826],
              [-0.08692132769218862, 0.002675109471833722, 0.9962115872552081]])

Rr = np.array([[0.9951194835310002, 0.01183320932202306, 0.09796524207154589],
              [-0.01214828598186166, 0.9999227735453134, 0.002620323100412089],
              [-0.09792666973147968, -0.003797644347333874, 0.9951863871922249]])

Pl = np.array([[1112.180459297327, 0, 502.6069450378],
             [0, 1112.180459297327, 542.0806865692139],
              [0, 0, 1]])

Pr = np.array([[1112.180459297327, 0, 502.6069450378418],
              [0, 1112.180459297327, 542.0806865692139],
              [0, 0, 1]])

Q = np.array([[1, 0, 0, -502.6069450378418],
              [0, 1, 0, -542.0806865692139],
              [0, 0, 0, 1112.180459297327],
              [0, 0, 0.01381071271507285, -0]])